$ANSIBLE_VAULT;1.1;AES256
30373765306131353566373830346437653536306165333035383731353336333863653864363130
3765303837383736343738373233626465373635323834330a343265376565383266333937653634
63666663306434656462343330663231613939623639333438613539663132313430313437623736
6132356665613638650a326139383032643966356163393433616137323633376465643637336331
65353138653536636234666532383030303137356164313930376430333933633038643637616665
64373438353132333432396565323463366336646339363236353861333834346565623362636234
62666263626537663731313164333136613665376635646131373266393133356534356336333037
36383431653337313834666361333236616639663661653431323138663132353561353334613566
62663266656436643134396430616566316237633936366537633161643262373033663236366637
31323438366335393538626332656235663163653636363137633238376439643334336337343061
38373632383930323139366561326330386338343431663862353463343633353666663532366162
62613436326535333766316633393865623731633936343933303935656430353163343730643764
63626431386636326535383066373032616665616635613963343466333261363930613531616530
38666262393430363564316531363336386662343363613138333663633834643834353432336361
66303835386633646565623737386466336138353336663231646433303964613433613331366166
64386237333961666663383235393763373736656432326339376135663036313831336361383531
38656230383165333331373031376133666530346635356162616565626361393830346332303030
63666461656362303765306339363833343334316139393238383939363034636433393538633165
31333166643732633966383566613631646163653036376439386336343065316263363362333165
34636161363766396261633864303937326137353665616662376533613539386630393038393566
62653163633235383633316237326530346139386639616138346438646434666536313661636439
30666231333534383262626463396330613234633538333665356432343639393533613639633537
64356630666137656533646231373461303362666162643535383065336630396565313138623735
37316437666663616661393366303465653531376666333132373061343933363639626564653462
38383838336661613561333030636366326432626637373930653239313630373364653133353839
62303466663361646465306636633066333935666264313663623839336463323461306662343564
38393233356437333731306638663936666164356562353138306335333562653432333434363938
37363431363066323963
